0,2.23105e-16,2.16159e-16,6.67956e-16,4.44757e-16,1.11111e-15,6.80781e-16,1.55445e-15,1.00216e-15,1.99835e-15,1.30202e-15,2.44093e-15,1.53119e-15,2.86448e-15,1.74038e-15,3.15175e-15,2.08268e-15,3.42424e-15,2.40302e-15,3.67207e-15,2.66407e-15,3.98396e-15,2.96365e-15,4.40694e-15,3.16978e-15,4.80508e-15,3.32161e-15,4.93172e-15,3.57404e-15,5.16178e-15,3.92156e-15,5.3505e-15,4.09363e-15,5.50709e-15,4.40247e-15,5.50793e-15,4.73137e-15,5.48736e-15,4.91507e-15,5.50697e-15,5.13724e-15,5.50655e-15,5.34674e-15,5.46454e-15,5.49655e-15,5.33042e-15,5.33649e-15,5.32879e-15,5.10718e-15,5.32505e-15,4.77893e-15,5.1586e-15,4.45808e-15,4.94229e-15,4.23904e-15,4.87133e-15,4.08393e-15,4.65355e-15,3.77449e-15,4.29924e-15,3.47092e-15,3.96154e-15,3.07394e-15,3.6099e-15,2.71371e-15,3.24261e-15,2.40795e-15,2.88088e-15,2.07515e-15,2.45058e-15,1.81426e-15,2.07246e-15,1.45192e-15,1.72093e-15,1.15369e-15,1.28575e-15,8.00945e-16,8.42545e-16,4.55117e-16,3.63951e-16,1.38972e-16,-1.25519e-16,-1.55218e-16,-6.34849e-16,-4.23291e-16,-1.13321e-15,-6.77079e-16,-1.61377e-15,-9.51753e-16,-2.1127e-15,-1.22356e-15,-2.56125e-15,-1.51722e-15,-2.91823e-15,-1.76445e-15,-3.32249e-15,-2.0198e-15,-3.73257e-15,-2.32726e-15,-4.09843e-15,-2.58427e-15,-4.48176e-15,-2.83495e-15,-5.00964e-15,-3.1291e-15,-5.5711e-15,-3.34505e-15,-6.07506e-15,-3.69961e-15,-6.26989e-15,-4.11659e-15,-6.45627e-15,-4.22465e-15,-6.49644e-15,-4.43957e-15,-6.64354e-15,-4.63685e-15,-6.58235e-15,-4.71303e-15,-6.38794e-15,-4.82608e-15,-6.24399e-15,-4.90706e-15,-6.2749e-15,-4.9243e-15,-6.2678e-15,-5.07657e-15,-6.1249e-15,-5.00898e-15,-5.98485e-15,-4.89106e-15,-5.71964e-15,-4.67794e-15,-5.56154e-15,-4.43794e-15,-5.4029e-15,-4.2182e-15,-5.10669e-15,-4.01023e-15,-4.83413e-15,-3.78562e-15,-4.43098e-15,-3.52043e-15,-3.94876e-15,-3.10098e-15,-3.47959e-15,-2.67117e-15,-3.10387e-15,-2.34972e-15,-2.60757e-15,-2.04765e-15,-2.11003e-15,-1.64014e-15,-1.64208e-15,-1.24431e-15,-1.18306e-15,-8.22282e-16,-6.95104e-16,-4.06429e-16,-2.29659e-16,0
0,-0.0554484,-0.110811,-0.166003,-0.22094,-0.275535,-0.329706,-0.383368,-0.436439,-0.488837,-0.540481,-0.591292,-0.641192,-0.690102,-0.737949,-0.784657,-0.830156,-0.874375,-0.917245,-0.958701,-0.998679,-1.03712,-1.07396,-1.10914,-1.14261,-1.17432,-1.20422,-1.23227,-1.25841,-1.28261,-1.30484,-1.32505,-1.34322,-1.35932,-1.37332,-1.38521,-1.39496,-1.40256,-1.40799,-1.41126,-1.41235,-1.41126,-1.40799,-1.40256,-1.39496,-1.38521,-1.37332,-1.35932,-1.34322,-1.32505,-1.30484,-1.28261,-1.25841,-1.23227,-1.20422,-1.17432,-1.14261,-1.10914,-1.07396,-1.03712,-0.998679,-0.958701,-0.917245,-0.874375,-0.830156,-0.784657,-0.737949,-0.690102,-0.641192,-0.591292,-0.540481,-0.488837,-0.436439,-0.383368,-0.329706,-0.275535,-0.22094,-0.166003,-0.110811,-0.0554484,-8.51647e-17,0.0554484,0.110811,0.166003,0.22094,0.275535,0.329706,0.383368,0.436439,0.488837,0.540481,0.591292,0.641192,0.690102,0.737949,0.784657,0.830156,0.874375,0.917245,0.958701,0.998679,1.03712,1.07396,1.10914,1.14261,1.17432,1.20422,1.23227,1.25841,1.28261,1.30484,1.32505,1.34322,1.35932,1.37332,1.38521,1.39496,1.40256,1.40799,1.41126,1.41235,1.41126,1.40799,1.40256,1.39496,1.38521,1.37332,1.35932,1.34322,1.32505,1.30484,1.28261,1.25841,1.23227,1.20422,1.17432,1.14261,1.10914,1.07396,1.03712,0.998679,0.958701,0.917245,0.874375,0.830156,0.784657,0.737949,0.690102,0.641192,0.591292,0.540481,0.488837,0.436439,0.383368,0.329706,0.275535,0.22094,0.166003,0.110811,0.0554484,0
0,-0.110811,-0.221452,-0.331751,-0.441538,-0.550645,-0.658903,-0.766144,-0.872205,-0.97692,-1.08013,-1.18167,-1.28139,-1.37914,-1.47476,-1.5681,-1.65903,-1.7474,-1.83308,-1.91592,-1.99582,-2.07264,-2.14626,-2.21657,-2.28346,-2.34683,-2.40659,-2.46263,-2.51488,-2.56325,-2.60766,-2.64806,-2.68437,-2.71654,-2.74453,-2.76828,-2.78776,-2.80295,-2.81381,-2.82034,-2.82251,-2.82034,-2.81381,-2.80295,-2.78776,-2.76828,-2.74453,-2.71654,-2.68437,-2.64806,-2.60766,-2.56325,-2.51488,-2.46263,-2.40659,-2.34683,-2.28346,-2.21657,-2.14626,-2.07264,-1.99582,-1.91592,-1.83308,-1.7474,-1.65903,-1.5681,-1.47476,-1.37914,-1.28139,-1.18167,-1.08013,-0.97692,-0.872205,-0.766144,-0.658903,-0.550645,-0.441538,-0.331751,-0.221452,-0.110811,-1.56349e-16,0.110811,0.221452,0.331751,0.441538,0.550645,0.658903,0.766144,0.872205,0.97692,1.08013,1.18167,1.28139,1.37914,1.47476,1.5681,1.65903,1.7474,1.83308,1.91592,1.99582,2.07264,2.14626,2.21657,2.28346,2.34683,2.40659,2.46263,2.51488,2.56325,2.60766,2.64806,2.68437,2.71654,2.74453,2.76828,2.78776,2.80295,2.81381,2.82034,2.82251,2.82034,2.81381,2.80295,2.78776,2.76828,2.74453,2.71654,2.68437,2.64806,2.60766,2.56325,2.51488,2.46263,2.40659,2.34683,2.28346,2.21657,2.14626,2.07264,1.99582,1.91592,1.83308,1.7474,1.65903,1.5681,1.47476,1.37914,1.28139,1.18167,1.08013,0.97692,0.872205,0.766144,0.658903,0.550645,0.441538,0.331751,0.221452,0.110811,0
0,-0.166003,-0.331751,-0.496987,-0.661456,-0.824906,-0.987084,-1.14774,-1.30663,-1.4635,-1.61811,-1.77023,-1.91962,-2.06605,-2.2093,-2.34913,-2.48535,-2.61773,-2.74608,-2.87019,-2.98988,-3.10496,-3.21525,-3.32058,-3.42079,-3.51573,-3.60524,-3.6892,-3.76747,-3.83993,-3.90647,-3.96698,-4.02138,-4.06958,-4.1115,-4.14708,-4.17627,-4.19902,-4.21529,-4.22507,-4.22833,-4.22507,-4.21529,-4.19902,-4.17627,-4.14708,-4.1115,-4.06958,-4.02138,-3.96698,-3.90647,-3.83993,-3.76747,-3.6892,-3.60524,-3.51573,-3.42079,-3.32058,-3.21525,-3.10496,-2.98988,-2.87019,-2.74608,-2.61773,-2.48535,-2.34913,-2.2093,-2.06605,-1.91962,-1.77023,-1.61811,-1.4635,-1.30663,-1.14774,-0.987084,-0.824906,-0.661456,-0.496987,-0.331751,-0.166003,-4.98593e-16,0.166003,0.331751,0.496987,0.661456,0.824906,0.987084,1.14774,1.30663,1.4635,1.61811,1.77023,1.91962,2.06605,2.2093,2.34913,2.48535,2.61773,2.74608,2.87019,2.98988,3.10496,3.21525,3.32058,3.42079,3.51573,3.60524,3.6892,3.76747,3.83993,3.90647,3.96698,4.02138,4.06958,4.1115,4.14708,4.17627,4.19902,4.21529,4.22507,4.22833,4.22507,4.21529,4.19902,4.17627,4.14708,4.1115,4.06958,4.02138,3.96698,3.90647,3.83993,3.76747,3.6892,3.60524,3.51573,3.42079,3.32058,3.21525,3.10496,2.98988,2.87019,2.74608,2.61773,2.48535,2.34913,2.2093,2.06605,1.91962,1.77023,1.61811,1.4635,1.30663,1.14774,0.987084,0.824906,0.661456,0.496987,0.331751,0.166003,0
0,-0.22094,-0.441538,-0.661456,-0.880355,-1.0979,-1.31374,-1.52757,-1.73903,-1.94782,-2.1536,-2.35606,-2.55489,-2.74978,-2.94043,-3.12654,-3.30784,-3.48403,-3.65485,-3.82004,-3.97933,-4.13249,-4.27928,-4.41947,-4.55284,-4.6792,-4.79834,-4.91008,-5.01425,-5.11069,-5.19925,-5.27979,-5.35219,-5.41634,-5.47213,-5.51949,-5.55834,-5.58862,-5.61028,-5.62329,-5.62763,-5.62329,-5.61028,-5.58862,-5.55834,-5.51949,-5.47213,-5.41634,-5.35219,-5.27979,-5.19925,-5.11069,-5.01425,-4.91008,-4.79834,-4.6792,-4.55284,-4.41947,-4.27928,-4.13249,-3.97933,-3.82004,-3.65485,-3.48403,-3.30784,-3.12654,-2.94043,-2.74978,-2.55489,-2.35606,-2.1536,-1.94782,-1.73903,-1.52757,-1.31374,-1.0979,-0.880355,-0.661456,-0.441538,-0.22094,-4.40082e-16,0.22094,0.441538,0.661456,0.880355,1.0979,1.31374,1.52757,1.73903,1.94782,2.1536,2.35606,2.55489,2.74978,2.94043,3.12654,3.30784,3.48403,3.65485,3.82004,3.97933,4.13249,4.27928,4.41947,4.55284,4.6792,4.79834,4.91008,5.01425,5.11069,5.19925,5.27979,5.35219,5.41634,5.47213,5.51949,5.55834,5.58862,5.61028,5.62329,5.62763,5.62329,5.61028,5.58862,5.55834,5.51949,5.47213,5.41634,5.35219,5.27979,5.19925,5.11069,5.01425,4.91008,4.79834,4.6792,4.55284,4.41947,4.27928,4.13249,3.97933,3.82004,3.65485,3.48403,3.30784,3.12654,2.94043,2.74978,2.55489,2.35606,2.1536,1.94782,1.73903,1.52757,1.31374,1.0979,0.880355,0.661456,0.441538,0.22094,0
0,-0.275535,-0.550645,-0.824906,-1.0979,-1.36919,-1.63838,-1.90504,-2.16876,-2.42913,-2.68577,-2.93826,-3.18622,-3.42926,-3.66702,-3.89913,-4.12522,-4.34495,-4.55798,-4.76399,-4.96265,-5.15365,-5.33671,-5.51155,-5.67788,-5.83546,-5.98404,-6.12339,-6.2533,-6.37357,-6.48401,-6.58446,-6.67475,-6.75475,-6.82433,-6.88339,-6.93184,-6.9696,-6.99661,-7.01283,-7.01824,-7.01283,-6.99661,-6.9696,-6.93184,-6.88339,-6.82433,-6.75475,-6.67475,-6.58446,-6.48401,-6.37357,-6.2533,-6.12339,-5.98404,-5.83546,-5.67788,-5.51155,-5.33671,-5.15365,-4.96265,-4.76399,-4.55798,-4.34495,-4.12522,-3.89913,-3.66702,-3.42926,-3.18622,-2.93826,-2.68577,-2.42913,-2.16876,-1.90504,-1.63838,-1.36919,-1.0979,-0.824906,-0.550645,-0.275535,-9.1301e-16,0.275535,0.550645,0.824906,1.0979,1.36919,1.63838,1.90504,2.16876,2.42913,2.68577,2.93826,3.18622,3.42926,3.66702,3.89913,4.12522,4.34495,4.55798,4.76399,4.96265,5.15365,5.33671,5.51155,5.67788,5.83546,5.98404,6.12339,6.2533,6.37357,6.48401,6.58446,6.67475,6.75475,6.82433,6.88339,6.93184,6.9696,6.99661,7.01283,7.01824,7.01283,6.99661,6.9696,6.93184,6.88339,6.82433,6.75475,6.67475,6.58446,6.48401,6.37357,6.2533,6.12339,5.98404,5.83546,5.67788,5.51155,5.33671,5.15365,4.96265,4.76399,4.55798,4.34495,4.12522,3.89913,3.66702,3.42926,3.18622,2.93826,2.68577,2.42913,2.16876,1.90504,1.63838,1.36919,1.0979,0.824906,0.550645,0.275535,0
0,-0.329706,-0.658903,-0.987084,-1.31374,-1.63838,-1.96048,-2.27957,-2.59514,-2.90671,-3.21379,-3.51592,-3.81263,-4.10346,-4.38796,-4.6657,-4.93624,-5.19918,-5.45409,-5.7006,-5.93831,-6.16687,-6.38592,-6.59512,-6.79416,-6.98272,-7.16051,-7.32726,-7.48271,-7.62662,-7.75878,-7.87897,-7.98701,-8.08274,-8.166,-8.23668,-8.29465,-8.33983,-8.37215,-8.39157,-8.39804,-8.39157,-8.37215,-8.33983,-8.29465,-8.23668,-8.166,-8.08274,-7.98701,-7.87897,-7.75878,-7.62662,-7.48271,-7.32726,-7.16051,-6.98272,-6.79416,-6.59512,-6.38592,-6.16687,-5.93831,-5.7006,-5.45409,-5.19918,-4.93624,-4.6657,-4.38796,-4.10346,-3.81263,-3.51592,-3.21379,-2.90671,-2.59514,-2.27957,-1.96048,-1.63838,-1.31374,-0.987084,-0.658903,-0.329706,-7.45881e-16,0.329706,0.658903,0.987084,1.31374,1.63838,1.96048,2.27957,2.59514,2.90671,3.21379,3.51592,3.81263,4.10346,4.38796,4.6657,4.93624,5.19918,5.45409,5.7006,5.93831,6.16687,6.38592,6.59512,6.79416,6.98272,7.16051,7.32726,7.48271,7.62662,7.75878,7.87897,7.98701,8.08274,8.166,8.23668,8.29465,8.33983,8.37215,8.39157,8.39804,8.39157,8.37215,8.33983,8.29465,8.23668,8.166,8.08274,7.98701,7.87897,7.75878,7.62662,7.48271,7.32726,7.16051,6.98272,6.79416,6.59512,6.38592,6.16687,5.93831,5.7006,5.45409,5.19918,4.93624,4.6657,4.38796,4.10346,3.81263,3.51592,3.21379,2.90671,2.59514,2.27957,1.96048,1.63838,1.31374,0.987084,0.658903,0.329706,0
0,-0.383368,-0.766144,-1.14774,-1.52757,-1.90504,-2.27957,-2.65059,-3.01752,-3.37979,-3.73686,-4.08817,-4.43317,-4.77133,-5.10214,-5.42508,-5.73966,-6.04538,-6.34179,-6.62841,-6.90482,-7.17058,-7.42528,-7.66853,-7.89996,-8.11921,-8.32594,-8.51983,-8.70058,-8.86792,-9.02158,-9.16133,-9.28696,-9.39827,-9.49508,-9.57726,-9.64467,-9.6972,-9.73479,-9.75736,-9.76489,-9.75736,-9.73479,-9.6972,-9.64467,-9.57726,-9.49508,-9.39827,-9.28696,-9.16133,-9.02158,-8.86792,-8.70058,-8.51983,-8.32594,-8.11921,-7.89996,-7.66853,-7.42528,-7.17058,-6.90482,-6.62841,-6.34179,-6.04538,-5.73966,-5.42508,-5.10214,-4.77133,-4.43317,-4.08817,-3.73686,-3.37979,-3.01752,-2.65059,-2.27957,-1.90504,-1.52757,-1.14774,-0.766144,-0.383368,-1.33447e-15,0.383368,0.766144,1.14774,1.52757,1.90504,2.27957,2.65059,3.01752,3.37979,3.73686,4.08817,4.43317,4.77133,5.10214,5.42508,5.73966,6.04538,6.34179,6.62841,6.90482,7.17058,7.42528,7.66853,7.89996,8.11921,8.32594,8.51983,8.70058,8.86792,9.02158,9.16133,9.28696,9.39827,9.49508,9.57726,9.64467,9.6972,9.73479,9.75736,9.76489,9.75736,9.73479,9.6972,9.64467,9.57726,9.49508,9.39827,9.28696,9.16133,9.02158,8.86792,8.70058,8.51983,8.32594,8.11921,7.89996,7.66853,7.42528,7.17058,6.90482,6.62841,6.34179,6.04538,5.73966,5.42508,5.10214,4.77133,4.43317,4.08817,3.73686,3.37979,3.01752,2.65059,2.27957,1.90504,1.52757,1.14774,0.766144,0.383368,0
0,-0.436439,-0.872205,-1.30663,-1.73903,-2.16876,-2.59514,-3.01752,-3.43524,-3.84767,-4.25417,-4.65411,-5.04687,-5.43185,-5.80845,-6.1761,-6.53422,-6.88227,-7.21971,-7.54601,-7.86068,-8.16323,-8.45319,-8.73012,-8.99358,-9.24318,-9.47853,-9.69926,-9.90503,-10.0955,-10.2705,-10.4296,-10.5726,-10.6993,-10.8095,-10.9031,-10.9798,-11.0396,-11.0824,-11.1081,-11.1167,-11.1081,-11.0824,-11.0396,-10.9798,-10.9031,-10.8095,-10.6993,-10.5726,-10.4296,-10.2705,-10.0955,-9.90503,-9.69926,-9.47853,-9.24318,-8.99358,-8.73012,-8.45319,-8.16323,-7.86068,-7.54601,-7.21971,-6.88227,-6.53422,-6.1761,-5.80845,-5.43185,-5.04687,-4.65411,-4.25417,-3.84767,-3.43524,-3.01752,-2.59514,-2.16876,-1.73903,-1.30663,-0.872205,-0.436439,-9.9529e-16,0.436439,0.872205,1.30663,1.73903,2.16876,2.59514,3.01752,3.43524,3.84767,4.25417,4.65411,5.04687,5.43185,5.80845,6.1761,6.53422,6.88227,7.21971,7.54601,7.86068,8.16323,8.45319,8.73012,8.99358,9.24318,9.47853,9.69926,9.90503,10.0955,10.2705,10.4296,10.5726,10.6993,10.8095,10.9031,10.9798,11.0396,11.0824,11.1081,11.1167,11.1081,11.0824,11.0396,10.9798,10.9031,10.8095,10.6993,10.5726,10.4296,10.2705,10.0955,9.90503,9.69926,9.47853,9.24318,8.99358,8.73012,8.45319,8.16323,7.86068,7.54601,7.21971,6.88227,6.53422,6.1761,5.80845,5.43185,5.04687,4.65411,4.25417,3.84767,3.43524,3.01752,2.59514,2.16876,1.73903,1.30663,0.872205,0.436439,0
0,-0.488837,-0.97692,-1.4635,-1.94782,-2.42913,-2.90671,-3.37979,-3.84767,-4.30962,-4.76492,-5.21287,-5.65279,-6.08398,-6.5058,-6.91759,-7.31871,-7.70854,-8.08649,-8.45197,-8.80442,-9.14329,-9.46807,-9.77824,-10.0733,-10.3529,-10.6165,-10.8637,-11.0942,-11.3076,-11.5035,-11.6817,-11.8419,-11.9838,-12.1073,-12.2121,-12.298,-12.365,-12.4129,-12.4417,-12.4513,-12.4417,-12.4129,-12.365,-12.298,-12.2121,-12.1073,-11.9838,-11.8419,-11.6817,-11.5035,-11.3076,-11.0942,-10.8637,-10.6165,-10.3529,-10.0733,-9.77824,-9.46807,-9.14329,-8.80442,-8.45197,-8.08649,-7.70854,-7.31871,-6.91759,-6.5058,-6.08398,-5.65279,-5.21287,-4.76492,-4.30962,-3.84767,-3.37979,-2.90671,-2.42913,-1.94782,-1.4635,-0.97692,-0.488837,-1.77794e-15,0.488837,0.97692,1.4635,1.94782,2.42913,2.90671,3.37979,3.84767,4.30962,4.76492,5.21287,5.65279,6.08398,6.5058,6.91759,7.31871,7.70854,8.08649,8.45197,8.80442,9.14329,9.46807,9.77824,10.0733,10.3529,10.6165,10.8637,11.0942,11.3076,11.5035,11.6817,11.8419,11.9838,12.1073,12.2121,12.298,12.365,12.4129,12.4417,12.4513,12.4417,12.4129,12.365,12.298,12.2121,12.1073,11.9838,11.8419,11.6817,11.5035,11.3076,11.0942,10.8637,10.6165,10.3529,10.0733,9.77824,9.46807,9.14329,8.80442,8.45197,8.08649,7.70854,7.31871,6.91759,6.5058,6.08398,5.65279,5.21287,4.76492,4.30962,3.84767,3.37979,2.90671,2.42913,1.94782,1.4635,0.97692,0.488837,0
0,-0.540481,-1.08013,-1.61811,-2.1536,-2.68577,-3.21379,-3.73686,-4.25417,-4.76492,-5.26832,-5.7636,-6.24999,-6.72674,-7.19312,-7.64841,-8.09191,-8.52293,-8.94081,-9.3449,-9.73458,-10.1093,-10.4683,-10.8113,-11.1376,-11.4467,-11.7381,-12.0115,-12.2663,-12.5022,-12.7188,-12.9159,-13.093,-13.2499,-13.3864,-13.5023,-13.5973,-13.6714,-13.7243,-13.7562,-13.7668,-13.7562,-13.7243,-13.6714,-13.5973,-13.5023,-13.3864,-13.2499,-13.093,-12.9159,-12.7188,-12.5022,-12.2663,-12.0115,-11.7381,-11.4467,-11.1376,-10.8113,-10.4683,-10.1093,-9.73458,-9.3449,-8.94081,-8.52293,-8.09191,-7.64841,-7.19312,-6.72674,-6.24999,-5.7636,-5.26832,-4.76492,-4.25417,-3.73686,-3.21379,-2.68577,-2.1536,-1.61811,-1.08013,-0.540481,-1.25296e-15,0.540481,1.08013,1.61811,2.1536,2.68577,3.21379,3.73686,4.25417,4.76492,5.26832,5.7636,6.24999,6.72674,7.19312,7.64841,8.09191,8.52293,8.94081,9.3449,9.73458,10.1093,10.4683,10.8113,11.1376,11.4467,11.7381,12.0115,12.2663,12.5022,12.7188,12.9159,13.093,13.2499,13.3864,13.5023,13.5973,13.6714,13.7243,13.7562,13.7668,13.7562,13.7243,13.6714,13.5973,13.5023,13.3864,13.2499,13.093,12.9159,12.7188,12.5022,12.2663,12.0115,11.7381,11.4467,11.1376,10.8113,10.4683,10.1093,9.73458,9.3449,8.94081,8.52293,8.09191,7.64841,7.19312,6.72674,6.24999,5.7636,5.26832,4.76492,4.25417,3.73686,3.21379,2.68577,2.1536,1.61811,1.08013,0.540481,0
0,-0.591292,-1.18167,-1.77023,-2.35606,-2.93826,-3.51592,-4.08817,-4.65411,-5.21287,-5.7636,-6.30544,-6.83755,-7.35913,-7.86935,-8.36745,-8.85264,-9.32418,-9.78134,-10.2234,-10.6497,-11.0596,-11.4525,-11.8277,-12.1846,-12.5228,-12.8416,-13.1407,-13.4195,-13.6775,-13.9146,-14.1301,-14.3239,-14.4955,-14.6449,-14.7716,-14.8756,-14.9566,-15.0146,-15.0494,-15.061,-15.0494,-15.0146,-14.9566,-14.8756,-14.7716,-14.6449,-14.4955,-14.3239,-14.1301,-13.9146,-13.6775,-13.4195,-13.1407,-12.8416,-12.5228,-12.1846,-11.8277,-11.4525,-11.0596,-10.6497,-10.2234,-9.78134,-9.32418,-8.85264,-8.36745,-7.86935,-7.35913,-6.83755,-6.30544,-5.7636,-5.21287,-4.65411,-4.08817,-3.51592,-2.93826,-2.35606,-1.77023,-1.18167,-0.591292,-2.22205e-15,0.591292,1.18167,1.77023,2.35606,2.93826,3.51592,4.08817,4.65411,5.21287,5.7636,6.30544,6.83755,7.35913,7.86935,8.36745,8.85264,9.32418,9.78134,10.2234,10.6497,11.0596,11.4525,11.8277,12.1846,12.5228,12.8416,13.1407,13.4195,13.6775,13.9146,14.1301,14.3239,14.4955,14.6449,14.7716,14.8756,14.9566,15.0146,15.0494,15.061,15.0494,15.0146,14.9566,14.8756,14.7716,14.6449,14.4955,14.3239,14.1301,13.9146,13.6775,13.4195,13.1407,12.8416,12.5228,12.1846,11.8277,11.4525,11.0596,10.6497,10.2234,9.78134,9.32418,8.85264,8.36745,7.86935,7.35913,6.83755,6.30544,5.7636,5.21287,4.65411,4.08817,3.51592,2.93826,2.35606,1.77023,1.18167,0.591292,0
0,-0.641192,-1.28139,-1.91962,-2.55489,-3.18622,-3.81263,-4.43317,-5.04687,-5.65279,-6.24999,-6.83755,-7.41458,-7.98016,-8.53345,-9.07358,-9.59971,-10.111,-10.6068,-11.0862,-11.5485,-11.993,-12.419,-12.8258,-13.2129,-13.5796,-13.9253,-14.2496,-14.5519,-14.8318,-15.0888,-15.3225,-15.5327,-15.7188,-15.8808,-16.0182,-16.1309,-16.2188,-16.2817,-16.3194,-16.332,-16.3194,-16.2817,-16.2188,-16.1309,-16.0182,-15.8808,-15.7188,-15.5327,-15.3225,-15.0888,-14.8318,-14.5519,-14.2496,-13.9253,-13.5796,-13.2129,-12.8258,-12.419,-11.993,-11.5485,-11.0862,-10.6068,-10.111,-9.59971,-9.07358,-8.53345,-7.98016,-7.41458,-6.83755,-6.24999,-5.65279,-5.04687,-4.43317,-3.81263,-3.18622,-2.55489,-1.91962,-1.28139,-0.641192,-1.62317e-15,0.641192,1.28139,1.91962,2.55489,3.18622,3.81263,4.43317,5.04687,5.65279,6.24999,6.83755,7.41458,7.98016,8.53345,9.07358,9.59971,10.111,10.6068,11.0862,11.5485,11.993,12.419,12.8258,13.2129,13.5796,13.9253,14.2496,14.5519,14.8318,15.0888,15.3225,15.5327,15.7188,15.8808,16.0182,16.1309,16.2188,16.2817,16.3194,16.332,16.3194,16.2817,16.2188,16.1309,16.0182,15.8808,15.7188,15.5327,15.3225,15.0888,14.8318,14.5519,14.2496,13.9253,13.5796,13.2129,12.8258,12.419,11.993,11.5485,11.0862,10.6068,10.111,9.59971,9.07358,8.53345,7.98016,7.41458,6.83755,6.24999,5.65279,5.04687,4.43317,3.81263,3.18622,2.55489,1.91962,1.28139,0.641192,0
0,-0.690102,-1.37914,-2.06605,-2.74978,-3.42926,-4.10346,-4.77133,-5.43185,-6.08398,-6.72674,-7.35913,-7.98016,-8.5889,-9.18439,-9.76572,-10.332,-10.8823,-11.4159,-11.9318,-12.4294,-12.9078,-13.3663,-13.8042,-14.2208,-14.6154,-14.9876,-15.3366,-15.662,-15.9632,-16.2398,-16.4914,-16.7175,-16.9179,-17.0921,-17.2401,-17.3614,-17.456,-17.5236,-17.5643,-17.5778,-17.5643,-17.5236,-17.456,-17.3614,-17.2401,-17.0921,-16.9179,-16.7175,-16.4914,-16.2398,-15.9632,-15.662,-15.3366,-14.9876,-14.6154,-14.2208,-13.8042,-13.3663,-12.9078,-12.4294,-11.9318,-11.4159,-10.8823,-10.332,-9.76572,-9.18439,-8.5889,-7.98016,-7.35913,-6.72674,-6.08398,-5.43185,-4.77133,-4.10346,-3.42926,-2.74978,-2.06605,-1.37914,-0.690102,-2.66606e-15,0.690102,1.37914,2.06605,2.74978,3.42926,4.10346,4.77133,5.43185,6.08398,6.72674,7.35913,7.98016,8.5889,9.18439,9.76572,10.332,10.8823,11.4159,11.9318,12.4294,12.9078,13.3663,13.8042,14.2208,14.6154,14.9876,15.3366,15.662,15.9632,16.2398,16.4914,16.7175,16.9179,17.0921,17.2401,17.3614,17.456,17.5236,17.5643,17.5778,17.5643,17.5236,17.456,17.3614,17.2401,17.0921,16.9179,16.7175,16.4914,16.2398,15.9632,15.662,15.3366,14.9876,14.6154,14.2208,13.8042,13.3663,12.9078,12.4294,11.9318,11.4159,10.8823,10.332,9.76572,9.18439,8.5889,7.98016,7.35913,6.72674,6.08398,5.43185,4.77133,4.10346,3.42926,2.74978,2.06605,1.37914,0.690102,0
0,-0.737949,-1.47476,-2.2093,-2.94043,-3.66702,-4.38796,-5.10214,-5.80845,-6.5058,-7.19312,-7.86935,-8.53345,-9.18439,-9.82116,-10.4428,-11.0483,-11.6368,-12.2074,-12.7591,-13.2912,-13.8027,-14.293,-14.7612,-15.2067,-15.6287,-16.0267,-16.3999,-16.7478,-17.0699,-17.3657,-17.6347,-17.8766,-18.0908,-18.2772,-18.4354,-18.5651,-18.6662,-18.7386,-18.782,-18.7965,-18.782,-18.7386,-18.6662,-18.5651,-18.4354,-18.2772,-18.0908,-17.8766,-17.6347,-17.3657,-17.0699,-16.7478,-16.3999,-16.0267,-15.6287,-15.2067,-14.7612,-14.293,-13.8027,-13.2912,-12.7591,-12.2074,-11.6368,-11.0483,-10.4428,-9.82116,-9.18439,-8.53345,-7.86935,-7.19312,-6.5058,-5.80845,-5.10214,-4.38796,-3.66702,-2.94043,-2.2093,-1.47476,-0.737949,-2.05071e-15,0.737949,1.47476,2.2093,2.94043,3.66702,4.38796,5.10214,5.80845,6.5058,7.19312,7.86935,8.53345,9.18439,9.82116,10.4428,11.0483,11.6368,12.2074,12.7591,13.2912,13.8027,14.293,14.7612,15.2067,15.6287,16.0267,16.3999,16.7478,17.0699,17.3657,17.6347,17.8766,18.0908,18.2772,18.4354,18.5651,18.6662,18.7386,18.782,18.7965,18.782,18.7386,18.6662,18.5651,18.4354,18.2772,18.0908,17.8766,17.6347,17.3657,17.0699,16.7478,16.3999,16.0267,15.6287,15.2067,14.7612,14.293,13.8027,13.2912,12.7591,12.2074,11.6368,11.0483,10.4428,9.82116,9.18439,8.53345,7.86935,7.19312,6.5058,5.80845,5.10214,4.38796,3.66702,2.94043,2.2093,1.47476,0.737949,0
0,-0.784657,-1.5681,-2.34913,-3.12654,-3.89913,-4.6657,-5.42508,-6.1761,-6.91759,-7.64841,-8.36745,-9.07358,-9.76572,-10.4428,-11.1038,-11.7476,-12.3734,-12.98,-13.5667,-14.1324,-14.6764,-15.1977,-15.6956,-16.1692,-16.618,-17.0411,-17.4379,-17.8079,-18.1504,-18.4649,-18.7509,-19.0081,-19.2359,-19.434,-19.6022,-19.7402,-19.8477,-19.9247,-19.9709,-19.9863,-19.9709,-19.9247,-19.8477,-19.7402,-19.6022,-19.434,-19.2359,-19.0081,-18.7509,-18.4649,-18.1504,-17.8079,-17.4379,-17.0411,-16.618,-16.1692,-15.6956,-15.1977,-14.6764,-14.1324,-13.5667,-12.98,-12.3734,-11.7476,-11.1038,-10.4428,-9.76572,-9.07358,-8.36745,-7.64841,-6.91759,-6.1761,-5.42508,-4.6657,-3.89913,-3.12654,-2.34913,-1.5681,-0.784657,-3.18081e-15,0.784657,1.5681,2.34913,3.12654,3.89913,4.6657,5.42508,6.1761,6.91759,7.64841,8.36745,9.07358,9.76572,10.4428,11.1038,11.7476,12.3734,12.98,13.5667,14.1324,14.6764,15.1977,15.6956,16.1692,16.618,17.0411,17.4379,17.8079,18.1504,18.4649,18.7509,19.0081,19.2359,19.434,19.6022,19.7402,19.8477,19.9247,19.9709,19.9863,19.9709,19.9247,19.8477,19.7402,19.6022,19.434,19.2359,19.0081,18.7509,18.4649,18.1504,17.8079,17.4379,17.0411,16.618,16.1692,15.6956,15.1977,14.6764,14.1324,13.5667,12.98,12.3734,11.7476,11.1038,10.4428,9.76572,9.07358,8.36745,7.64841,6.91759,6.1761,5.42508,4.6657,3.89913,3.12654,2.34913,1.5681,0.784657,0
0,-0.830156,-1.65903,-2.48535,-3.30784,-4.12522,-4.93624,-5.73966,-6.53422,-7.31871,-8.09191,-8.85264,-9.59971,-10.332,-11.0483,-11.7476,-12.4288,-13.0909,-13.7327,-14.3534,-14.9519,-15.5274,-16.0789,-16.6057,-17.1068,-17.5816,-18.0292,-18.4491,-18.8405,-19.2029,-19.5356,-19.8382,-20.1103,-20.3513,-20.5609,-20.7389,-20.8848,-20.9986,-21.08,-21.1289,-21.1452,-21.1289,-21.08,-20.9986,-20.8848,-20.7389,-20.5609,-20.3513,-20.1103,-19.8382,-19.5356,-19.2029,-18.8405,-18.4491,-18.0292,-17.5816,-17.1068,-16.6057,-16.0789,-15.5274,-14.9519,-14.3534,-13.7327,-13.0909,-12.4288,-11.7476,-11.0483,-10.332,-9.59971,-8.85264,-8.09191,-7.31871,-6.53422,-5.73966,-4.93624,-4.12522,-3.30784,-2.48535,-1.65903,-0.830156,-2.43969e-15,0.830156,1.65903,2.48535,3.30784,4.12522,4.93624,5.73966,6.53422,7.31871,8.09191,8.85264,9.59971,10.332,11.0483,11.7476,12.4288,13.0909,13.7327,14.3534,14.9519,15.5274,16.0789,16.6057,17.1068,17.5816,18.0292,18.4491,18.8405,19.2029,19.5356,19.8382,20.1103,20.3513,20.5609,20.7389,20.8848,20.9986,21.08,21.1289,21.1452,21.1289,21.08,20.9986,20.8848,20.7389,20.5609,20.3513,20.1103,19.8382,19.5356,19.2029,18.8405,18.4491,18.0292,17.5816,17.1068,16.6057,16.0789,15.5274,14.9519,14.3534,13.7327,13.0909,12.4288,11.7476,11.0483,10.332,9.59971,8.85264,8.09191,7.31871,6.53422,5.73966,4.93624,4.12522,3.30784,2.48535,1.65903,0.830156,0
0,-0.874375,-1.7474,-2.61773,-3.48403,-4.34495,-5.19918,-6.04538,-6.88227,-7.70854,-8.52293,-9.32418,-10.111,-10.8823,-11.6368,-12.3734,-13.0909,-13.7881,-14.4642,-15.1179,-15.7483,-16.3545,-16.9354,-17.4902,-18.018,-18.5181,-18.9896,-19.4318,-19.844,-20.2257,-20.5762,-20.8949,-21.1814,-21.4353,-21.6561,-21.8436,-21.9973,-22.1171,-22.2028,-22.2543,-22.2715,-22.2543,-22.2028,-22.1171,-21.9973,-21.8436,-21.6561,-21.4353,-21.1814,-20.8949,-20.5762,-20.2257,-19.844,-19.4318,-18.9896,-18.5181,-18.018,-17.4902,-16.9354,-16.3545,-15.7483,-15.1179,-14.4642,-13.7881,-13.0909,-12.3734,-11.6368,-10.8823,-10.111,-9.32418,-8.52293,-7.70854,-6.88227,-6.04538,-5.19918,-4.34495,-3.48403,-2.61773,-1.7474,-0.874375,-3.59812e-15,0.874375,1.7474,2.61773,3.48403,4.34495,5.19918,6.04538,6.88227,7.70854,8.52293,9.32418,10.111,10.8823,11.6368,12.3734,13.0909,13.7881,14.4642,15.1179,15.7483,16.3545,16.9354,17.4902,18.018,18.5181,18.9896,19.4318,19.844,20.2257,20.5762,20.8949,21.1814,21.4353,21.6561,21.8436,21.9973,22.1171,22.2028,22.2543,22.2715,22.2543,22.2028,22.1171,21.9973,21.8436,21.6561,21.4353,21.1814,20.8949,20.5762,20.2257,19.844,19.4318,18.9896,18.5181,18.018,17.4902,16.9354,16.3545,15.7483,15.1179,14.4642,13.7881,13.0909,12.3734,11.6368,10.8823,10.111,9.32418,8.52293,7.70854,6.88227,6.04538,5.19918,4.34495,3.48403,2.61773,1.7474,0.874375,0
0,-0.917245,-1.83308,-2.74608,-3.65485,-4.55798,-5.45409,-6.34179,-7.21971,-8.08649,-8.94081,-9.78134,-10.6068,-11.4159,-12.2074,-12.98,-13.7327,-14.4642,-15.1734,-15.8591,-16.5205,-17.1563,-17.7657,-18.3477,-18.9014,-19.426,-19.9206,-20.3845,-20.817,-21.2174,-21.585,-21.9194,-22.22,-22.4863,-22.7179,-22.9145,-23.0758,-23.2015,-23.2914,-23.3454,-23.3635,-23.3454,-23.2914,-23.2015,-23.0758,-22.9145,-22.7179,-22.4863,-22.22,-21.9194,-21.585,-21.2174,-20.817,-20.3845,-19.9206,-19.426,-18.9014,-18.3477,-17.7657,-17.1563,-16.5205,-15.8591,-15.1734,-14.4642,-13.7327,-12.98,-12.2074,-11.4159,-10.6068,-9.78134,-8.94081,-8.08649,-7.21971,-6.34179,-5.45409,-4.55798,-3.65485,-2.74608,-1.83308,-0.917245,-2.77074e-15,0.917245,1.83308,2.74608,3.65485,4.55798,5.45409,6.34179,7.21971,8.08649,8.94081,9.78134,10.6068,11.4159,12.2074,12.98,13.7327,14.4642,15.1734,15.8591,16.5205,17.1563,17.7657,18.3477,18.9014,19.426,19.9206,20.3845,20.817,21.2174,21.585,21.9194,22.22,22.4863,22.7179,22.9145,23.0758,23.2015,23.2914,23.3454,23.3635,23.3454,23.2914,23.2015,23.0758,22.9145,22.7179,22.4863,22.22,21.9194,21.585,21.2174,20.817,20.3845,19.9206,19.426,18.9014,18.3477,17.7657,17.1563,16.5205,15.8591,15.1734,14.4642,13.7327,12.98,12.2074,11.4159,10.6068,9.78134,8.94081,8.08649,7.21971,6.34179,5.45409,4.55798,3.65485,2.74608,1.83308,0.917245,0
0,-0.958701,-1.91592,-2.87019,-3.82004,-4.76399,-5.7006,-6.62841,-7.54601,-8.45197,-9.3449,-10.2234,-11.0862,-11.9318,-12.7591,-13.5667,-14.3534,-15.1179,-15.8591,-16.5759,-17.2671,-17.9317,-18.5687,-19.177,-19.7557,-20.304,-20.821,-21.3058,-21.7578,-22.1763,-22.5606,-22.9101,-23.2242,-23.5026,-23.7447,-23.9502,-24.1188,-24.2501,-24.3441,-24.4006,-24.4194,-24.4006,-24.3441,-24.2501,-24.1188,-23.9502,-23.7447,-23.5026,-23.2242,-22.9101,-22.5606,-22.1763,-21.7578,-21.3058,-20.821,-20.304,-19.7557,-19.177,-18.5687,-17.9317,-17.2671,-16.5759,-15.8591,-15.1179,-14.3534,-13.5667,-12.7591,-11.9318,-11.0862,-10.2234,-9.3449,-8.45197,-7.54601,-6.62841,-5.7006,-4.76399,-3.82004,-2.87019,-1.91592,-0.958701,-3.97545e-15,0.958701,1.91592,2.87019,3.82004,4.76399,5.7006,6.62841,7.54601,8.45197,9.3449,10.2234,11.0862,11.9318,12.7591,13.5667,14.3534,15.1179,15.8591,16.5759,17.2671,17.9317,18.5687,19.177,19.7557,20.304,20.821,21.3058,21.7578,22.1763,22.5606,22.9101,23.2242,23.5026,23.7447,23.9502,24.1188,24.2501,24.3441,24.4006,24.4194,24.4006,24.3441,24.2501,24.1188,23.9502,23.7447,23.5026,23.2242,22.9101,22.5606,22.1763,21.7578,21.3058,20.821,20.304,19.7557,19.177,18.5687,17.9317,17.2671,16.5759,15.8591,15.1179,14.3534,13.5667,12.7591,11.9318,11.0862,10.2234,9.3449,8.45197,7.54601,6.62841,5.7006,4.76399,3.82004,2.87019,1.91592,0.958701,0
0,-0.998679,-1.99582,-2.98988,-3.97933,-4.96265,-5.93831,-6.90482,-7.86068,-8.80442,-9.73458,-10.6497,-11.5485,-12.4294,-13.2912,-14.1324,-14.9519,-15.7483,-16.5205,-17.2671,-17.9872,-18.6795,-19.343,-19.9767,-20.5795,-21.1507,-21.6892,-22.1943,-22.6652,-23.1011,-23.5014,-23.8654,-24.1927,-24.4826,-24.7348,-24.9489,-25.1245,-25.2614,-25.3593,-25.4181,-25.4377,-25.4181,-25.3593,-25.2614,-25.1245,-24.9489,-24.7348,-24.4826,-24.1927,-23.8654,-23.5014,-23.1011,-22.6652,-22.1943,-21.6892,-21.1507,-20.5795,-19.9767,-19.343,-18.6795,-17.9872,-17.2671,-16.5205,-15.7483,-14.9519,-14.1324,-13.2912,-12.4294,-11.5485,-10.6497,-9.73458,-8.80442,-7.86068,-6.90482,-5.93831,-4.96265,-3.97933,-2.98988,-1.99582,-0.998679,-3.03878e-15,0.998679,1.99582,2.98988,3.97933,4.96265,5.93831,6.90482,7.86068,8.80442,9.73458,10.6497,11.5485,12.4294,13.2912,14.1324,14.9519,15.7483,16.5205,17.2671,17.9872,18.6795,19.343,19.9767,20.5795,21.1507,21.6892,22.1943,22.6652,23.1011,23.5014,23.8654,24.1927,24.4826,24.7348,24.9489,25.1245,25.2614,25.3593,25.4181,25.4377,25.4181,25.3593,25.2614,25.1245,24.9489,24.7348,24.4826,24.1927,23.8654,23.5014,23.1011,22.6652,22.1943,21.6892,21.1507,20.5795,19.9767,19.343,18.6795,17.9872,17.2671,16.5205,15.7483,14.9519,14.1324,13.2912,12.4294,11.5485,10.6497,9.73458,8.80442,7.86068,6.90482,5.93831,4.96265,3.97933,2.98988,1.99582,0.998679,0
0,-1.03712,-2.07264,-3.10496,-4.13249,-5.15365,-6.16687,-7.17058,-8.16323,-9.14329,-10.1093,-11.0596,-11.993,-12.9078,-13.8027,-14.6764,-15.5274,-16.3545,-17.1563,-17.9317,-18.6795,-19.3984,-20.0875,-20.7455,-21.3716,-21.9647,-22.524,-23.0485,-23.5375,-23.9902,-24.4059,-24.784,-25.1238,-25.425,-25.6869,-25.9092,-26.0915,-26.2337,-26.3353,-26.3964,-26.4168,-26.3964,-26.3353,-26.2337,-26.0915,-25.9092,-25.6869,-25.425,-25.1238,-24.784,-24.4059,-23.9902,-23.5375,-23.0485,-22.524,-21.9647,-21.3716,-20.7455,-20.0875,-19.3984,-18.6795,-17.9317,-17.1563,-16.3545,-15.5274,-14.6764,-13.8027,-12.9078,-11.993,-11.0596,-10.1093,-9.14329,-8.16323,-7.17058,-6.16687,-5.15365,-4.13249,-3.10496,-2.07264,-1.03712,-4.36815e-15,1.03712,2.07264,3.10496,4.13249,5.15365,6.16687,7.17058,8.16323,9.14329,10.1093,11.0596,11.993,12.9078,13.8027,14.6764,15.5274,16.3545,17.1563,17.9317,18.6795,19.3984,20.0875,20.7455,21.3716,21.9647,22.524,23.0485,23.5375,23.9902,24.4059,24.784,25.1238,25.425,25.6869,25.9092,26.0915,26.2337,26.3353,26.3964,26.4168,26.3964,26.3353,26.2337,26.0915,25.9092,25.6869,25.425,25.1238,24.784,24.4059,23.9902,23.5375,23.0485,22.524,21.9647,21.3716,20.7455,20.0875,19.3984,18.6795,17.9317,17.1563,16.3545,15.5274,14.6764,13.8027,12.9078,11.993,11.0596,10.1093,9.14329,8.16323,7.17058,6.16687,5.15365,4.13249,3.10496,2.07264,1.03712,0
0,-1.07396,-2.14626,-3.21525,-4.27928,-5.33671,-6.38592,-7.42528,-8.45319,-9.46807,-10.4683,-11.4525,-12.419,-13.3663,-14.293,-15.1977,-16.0789,-16.9354,-17.7657,-18.5687,-19.343,-20.0875,-20.801,-21.4824,-22.1307,-22.7449,-23.3241,-23.8672,-24.3736,-24.8423,-25.2728,-25.6643,-26.0162,-26.3281,-26.5993,-26.8295,-27.0183,-27.1655,-27.2708,-27.334,-27.3551,-27.334,-27.2708,-27.1655,-27.0183,-26.8295,-26.5993,-26.3281,-26.0162,-25.6643,-25.2728,-24.8423,-24.3736,-23.8672,-23.3241,-22.7449,-22.1307,-21.4824,-20.801,-20.0875,-19.343,-18.5687,-17.7657,-16.9354,-16.0789,-15.1977,-14.293,-13.3663,-12.419,-11.4525,-10.4683,-9.46807,-8.45319,-7.42528,-6.38592,-5.33671,-4.27928,-3.21525,-2.14626,-1.07396,-3.21327e-15,1.07396,2.14626,3.21525,4.27928,5.33671,6.38592,7.42528,8.45319,9.46807,10.4683,11.4525,12.419,13.3663,14.293,15.1977,16.0789,16.9354,17.7657,18.5687,19.343,20.0875,20.801,21.4824,22.1307,22.7449,23.3241,23.8672,24.3736,24.8423,25.2728,25.6643,26.0162,26.3281,26.5993,26.8295,27.0183,27.1655,27.2708,27.334,27.3551,27.334,27.2708,27.1655,27.0183,26.8295,26.5993,26.3281,26.0162,25.6643,25.2728,24.8423,24.3736,23.8672,23.3241,22.7449,22.1307,21.4824,20.801,20.0875,19.343,18.5687,17.7657,16.9354,16.0789,15.1977,14.293,13.3663,12.419,11.4525,10.4683,9.46807,8.45319,7.42528,6.38592,5.33671,4.27928,3.21525,2.14626,1.07396,0
0,-1.10914,-2.21657,-3.32058,-4.41947,-5.51155,-6.59512,-7.66853,-8.73012,-9.77824,-10.8113,-11.8277,-12.8258,-13.8042,-14.7612,-15.6956,-16.6057,-17.4902,-18.3477,-19.177,-19.9767,-20.7455,-21.4824,-22.1862,-22.8557,-23.4901,-24.0882,-24.6491,-25.1721,-25.6562,-26.1008,-26.5051,-26.8685,-27.1906,-27.4707,-27.7084,-27.9034,-28.0554,-28.1642,-28.2295,-28.2513,-28.2295,-28.1642,-28.0554,-27.9034,-27.7084,-27.4707,-27.1906,-26.8685,-26.5051,-26.1008,-25.6562,-25.1721,-24.6491,-24.0882,-23.4901,-22.8557,-22.1862,-21.4824,-20.7455,-19.9767,-19.177,-18.3477,-17.4902,-16.6057,-15.6956,-14.7612,-13.8042,-12.8258,-11.8277,-10.8113,-9.77824,-8.73012,-7.66853,-6.59512,-5.51155,-4.41947,-3.32058,-2.21657,-1.10914,-4.71369e-15,1.10914,2.21657,3.32058,4.41947,5.51155,6.59512,7.66853,8.73012,9.77824,10.8113,11.8277,12.8258,13.8042,14.7612,15.6956,16.6057,17.4902,18.3477,19.177,19.9767,20.7455,21.4824,22.1862,22.8557,23.4901,24.0882,24.6491,25.1721,25.6562,26.1008,26.5051,26.8685,27.1906,27.4707,27.7084,27.9034,28.0554,28.1642,28.2295,28.2513,28.2295,28.1642,28.0554,27.9034,27.7084,27.4707,27.1906,26.8685,26.5051,26.1008,25.6562,25.1721,24.6491,24.0882,23.4901,22.8557,22.1862,21.4824,20.7455,19.9767,19.177,18.3477,17.4902,16.6057,15.6956,14.7612,13.8042,12.8258,11.8277,10.8113,9.77824,8.73012,7.66853,6.59512,5.51155,4.41947,3.32058,2.21657,1.10914,0
0,-1.14261,-2.28346,-3.42079,-4.55284,-5.67788,-6.79416,-7.89996,-8.99358,-10.0733,-11.1376,-12.1846,-13.2129,-14.2208,-15.2067,-16.1692,-17.1068,-18.018,-18.9014,-19.7557,-20.5795,-21.3716,-22.1307,-22.8557,-23.5455,-24.199,-24.8151,-25.393,-25.9317,-26.4305,-26.8884,-27.305,-27.6794,-28.0111,-28.2997,-28.5446,-28.7455,-28.9021,-29.0141,-29.0814,-29.1038,-29.0814,-29.0141,-28.9021,-28.7455,-28.5446,-28.2997,-28.0111,-27.6794,-27.305,-26.8884,-26.4305,-25.9317,-25.393,-24.8151,-24.199,-23.5455,-22.8557,-22.1307,-21.3716,-20.5795,-19.7557,-18.9014,-18.018,-17.1068,-16.1692,-15.2067,-14.2208,-13.2129,-12.1846,-11.1376,-10.0733,-8.99358,-7.89996,-6.79416,-5.67788,-4.55284,-3.42079,-2.28346,-1.14261,-3.55701e-15,1.14261,2.28346,3.42079,4.55284,5.67788,6.79416,7.89996,8.99358,10.0733,11.1376,12.1846,13.2129,14.2208,15.2067,16.1692,17.1068,18.018,18.9014,19.7557,20.5795,21.3716,22.1307,22.8557,23.5455,24.199,24.8151,25.393,25.9317,26.4305,26.8884,27.305,27.6794,28.0111,28.2997,28.5446,28.7455,28.9021,29.0141,29.0814,29.1038,29.0814,29.0141,28.9021,28.7455,28.5446,28.2997,28.0111,27.6794,27.305,26.8884,26.4305,25.9317,25.393,24.8151,24.199,23.5455,22.8557,22.1307,21.3716,20.5795,19.7557,18.9014,18.018,17.1068,16.1692,15.2067,14.2208,13.2129,12.1846,11.1376,10.0733,8.99358,7.89996,6.79416,5.67788,4.55284,3.42079,2.28346,1.14261,0
0,-1.17432,-2.34683,-3.51573,-4.6792,-5.83546,-6.98272,-8.11921,-9.24318,-10.3529,-11.4467,-12.5228,-13.5796,-14.6154,-15.6287,-16.618,-17.5816,-18.5181,-19.426,-20.304,-21.1507,-21.9647,-22.7449,-23.4901,-24.199,-24.8706,-25.5038,-26.0977,-26.6514,-27.164,-27.6347,-28.0628,-28.4476,-28.7885,-29.0851,-29.3368,-29.5433,-29.7042,-29.8194,-29.8885,-29.9116,-29.8885,-29.8194,-29.7042,-29.5433,-29.3368,-29.0851,-28.7885,-28.4476,-28.0628,-27.6347,-27.164,-26.6514,-26.0977,-25.5038,-24.8706,-24.199,-23.4901,-22.7449,-21.9647,-21.1507,-20.304,-19.426,-18.5181,-17.5816,-16.618,-15.6287,-14.6154,-13.5796,-12.5228,-11.4467,-10.3529,-9.24318,-8.11921,-6.98272,-5.83546,-4.6792,-3.51573,-2.34683,-1.17432,-5.03654e-15,1.17432,2.34683,3.51573,4.6792,5.83546,6.98272,8.11921,9.24318,10.3529,11.4467,12.5228,13.5796,14.6154,15.6287,16.618,17.5816,18.5181,19.426,20.304,21.1507,21.9647,22.7449,23.4901,24.199,24.8706,25.5038,26.0977,26.6514,27.164,27.6347,28.0628,28.4476,28.7885,29.0851,29.3368,29.5433,29.7042,29.8194,29.8885,29.9116,29.8885,29.8194,29.7042,29.5433,29.3368,29.0851,28.7885,28.4476,28.0628,27.6347,27.164,26.6514,26.0977,25.5038,24.8706,24.199,23.4901,22.7449,21.9647,21.1507,20.304,19.426,18.5181,17.5816,16.618,15.6287,14.6154,13.5796,12.5228,11.4467,10.3529,9.24318,8.11921,6.98272,5.83546,4.6792,3.51573,2.34683,1.17432,0
0,-1.20422,-2.40659,-3.60524,-4.79834,-5.98404,-7.16051,-8.32594,-9.47853,-10.6165,-11.7381,-12.8416,-13.9253,-14.9876,-16.0267,-17.0411,-18.0292,-18.9896,-19.9206,-20.821,-21.6892,-22.524,-23.3241,-24.0882,-24.8151,-25.5038,-26.1532,-26.7622,-27.33,-27.8556,-28.3383,-28.7773,-29.1719,-29.5215,-29.8257,-30.0838,-30.2955,-30.4605,-30.5786,-30.6495,-30.6732,-30.6495,-30.5786,-30.4605,-30.2955,-30.0838,-29.8257,-29.5215,-29.1719,-28.7773,-28.3383,-27.8556,-27.33,-26.7622,-26.1532,-25.5038,-24.8151,-24.0882,-23.3241,-22.524,-21.6892,-20.821,-19.9206,-18.9896,-18.0292,-17.0411,-16.0267,-14.9876,-13.9253,-12.8416,-11.7381,-10.6165,-9.47853,-8.32594,-7.16051,-5.98404,-4.79834,-3.60524,-2.40659,-1.20422,-3.81772e-15,1.20422,2.40659,3.60524,4.79834,5.98404,7.16051,8.32594,9.47853,10.6165,11.7381,12.8416,13.9253,14.9876,16.0267,17.0411,18.0292,18.9896,19.9206,20.821,21.6892,22.524,23.3241,24.0882,24.8151,25.5038,26.1532,26.7622,27.33,27.8556,28.3383,28.7773,29.1719,29.5215,29.8257,30.0838,30.2955,30.4605,30.5786,30.6495,30.6732,30.6495,30.5786,30.4605,30.2955,30.0838,29.8257,29.5215,29.1719,28.7773,28.3383,27.8556,27.33,26.7622,26.1532,25.5038,24.8151,24.0882,23.3241,22.524,21.6892,20.821,19.9206,18.9896,18.0292,17.0411,16.0267,14.9876,13.9253,12.8416,11.7381,10.6165,9.47853,8.32594,7.16051,5.98404,4.79834,3.60524,2.40659,1.20422,0
0,-1.23227,-2.46263,-3.6892,-4.91008,-6.12339,-7.32726,-8.51983,-9.69926,-10.8637,-12.0115,-13.1407,-14.2496,-15.3366,-16.3999,-17.4379,-18.4491,-19.4318,-20.3845,-21.3058,-22.1943,-23.0485,-23.8672,-24.6491,-25.393,-26.0977,-26.7622,-27.3854,-27.9664,-28.5043,-28.9982,-29.4474,-29.8512,-30.209,-30.5202,-30.7844,-31.001,-31.1699,-31.2907,-31.3633,-31.3875,-31.3633,-31.2907,-31.1699,-31.001,-30.7844,-30.5202,-30.209,-29.8512,-29.4474,-28.9982,-28.5043,-27.9664,-27.3854,-26.7622,-26.0977,-25.393,-24.6491,-23.8672,-23.0485,-22.1943,-21.3058,-20.3845,-19.4318,-18.4491,-17.4379,-16.3999,-15.3366,-14.2496,-13.1407,-12.0115,-10.8637,-9.69926,-8.51983,-7.32726,-6.12339,-4.91008,-3.6892,-2.46263,-1.23227,-5.22042e-15,1.23227,2.46263,3.6892,4.91008,6.12339,7.32726,8.51983,9.69926,10.8637,12.0115,13.1407,14.2496,15.3366,16.3999,17.4379,18.4491,19.4318,20.3845,21.3058,22.1943,23.0485,23.8672,24.6491,25.393,26.0977,26.7622,27.3854,27.9664,28.5043,28.9982,29.4474,29.8512,30.209,30.5202,30.7844,31.001,31.1699,31.2907,31.3633,31.3875,31.3633,31.2907,31.1699,31.001,30.7844,30.5202,30.209,29.8512,29.4474,28.9982,28.5043,27.9664,27.3854,26.7622,26.0977,25.393,24.6491,23.8672,23.0485,22.1943,21.3058,20.3845,19.4318,18.4491,17.4379,16.3999,15.3366,14.2496,13.1407,12.0115,10.8637,9.69926,8.51983,7.32726,6.12339,4.91008,3.6892,2.46263,1.23227,0
0,-1.25841,-2.51488,-3.76747,-5.01425,-6.2533,-7.48271,-8.70058,-9.90503,-11.0942,-12.2663,-13.4195,-14.5519,-15.662,-16.7478,-17.8079,-18.8405,-19.844,-20.817,-21.7578,-22.6652,-23.5375,-24.3736,-25.1721,-25.9317,-26.6514,-27.33,-27.9664,-28.5598,-29.109,-29.6134,-30.0722,-30.4846,-30.8499,-31.1677,-31.4375,-31.6587,-31.8312,-31.9546,-32.0287,-32.0534,-32.0287,-31.9546,-31.8312,-31.6587,-31.4375,-31.1677,-30.8499,-30.4846,-30.0722,-29.6134,-29.109,-28.5598,-27.9664,-27.33,-26.6514,-25.9317,-25.1721,-24.3736,-23.5375,-22.6652,-21.7578,-20.817,-19.844,-18.8405,-17.8079,-16.7478,-15.662,-14.5519,-13.4195,-12.2663,-11.0942,-9.90503,-8.70058,-7.48271,-6.2533,-5.01425,-3.76747,-2.51488,-1.25841,-4.31188e-15,1.25841,2.51488,3.76747,5.01425,6.2533,7.48271,8.70058,9.90503,11.0942,12.2663,13.4195,14.5519,15.662,16.7478,17.8079,18.8405,19.844,20.817,21.7578,22.6652,23.5375,24.3736,25.1721,25.9317,26.6514,27.33,27.9664,28.5598,29.109,29.6134,30.0722,30.4846,30.8499,31.1677,31.4375,31.6587,31.8312,31.9546,32.0287,32.0534,32.0287,31.9546,31.8312,31.6587,31.4375,31.1677,30.8499,30.4846,30.0722,29.6134,29.109,28.5598,27.9664,27.33,26.6514,25.9317,25.1721,24.3736,23.5375,22.6652,21.7578,20.817,19.844,18.8405,17.8079,16.7478,15.662,14.5519,13.4195,12.2663,11.0942,9.90503,8.70058,7.48271,6.2533,5.01425,3.76747,2.51488,1.25841,0
0,-1.28261,-2.56325,-3.83993,-5.11069,-6.37357,-7.62662,-8.86792,-10.0955,-11.3076,-12.5022,-13.6775,-14.8318,-15.9632,-17.0699,-18.1504,-19.2029,-20.2257,-21.2174,-22.1763,-23.1011,-23.9902,-24.8423,-25.6562,-26.4305,-27.164,-27.8556,-28.5043,-29.109,-29.6689,-30.183,-30.6506,-31.0709,-31.4433,-31.7672,-32.0421,-32.2676,-32.4434,-32.5691,-32.6447,-32.6698,-32.6447,-32.5691,-32.4434,-32.2676,-32.0421,-31.7672,-31.4433,-31.0709,-30.6506,-30.183,-29.6689,-29.109,-28.5043,-27.8556,-27.164,-26.4305,-25.6562,-24.8423,-23.9902,-23.1011,-22.1763,-21.2174,-20.2257,-19.2029,-18.1504,-17.0699,-15.9632,-14.8318,-13.6775,-12.5022,-11.3076,-10.0955,-8.86792,-7.62662,-6.37357,-5.11069,-3.83993,-2.56325,-1.28261,-5.49577e-15,1.28261,2.56325,3.83993,5.11069,6.37357,7.62662,8.86792,10.0955,11.3076,12.5022,13.6775,14.8318,15.9632,17.0699,18.1504,19.2029,20.2257,21.2174,22.1763,23.1011,23.9902,24.8423,25.6562,26.4305,27.164,27.8556,28.5043,29.109,29.6689,30.183,30.6506,31.0709,31.4433,31.7672,32.0421,32.2676,32.4434,32.5691,32.6447,32.6698,32.6447,32.5691,32.4434,32.2676,32.0421,31.7672,31.4433,31.0709,30.6506,30.183,29.6689,29.109,28.5043,27.8556,27.164,26.4305,25.6562,24.8423,23.9902,23.1011,22.1763,21.2174,20.2257,19.2029,18.1504,17.0699,15.9632,14.8318,13.6775,12.5022,11.3076,10.0955,8.86792,7.62662,6.37357,5.11069,3.83993,2.56325,1.28261,0
0,-1.30484,-2.60766,-3.90647,-5.19925,-6.48401,-7.75878,-9.02158,-10.2705,-11.5035,-12.7188,-13.9146,-15.0888,-16.2398,-17.3657,-18.4649,-19.5356,-20.5762,-21.585,-22.5606,-23.5014,-24.4059,-25.2728,-26.1008,-26.8884,-27.6347,-28.3383,-28.9982,-29.6134,-30.183,-30.706,-31.1817,-31.6093,-31.9881,-32.3176,-32.5973,-32.8268,-33.0056,-33.1335,-33.2103,-33.2359,-33.2103,-33.1335,-33.0056,-32.8268,-32.5973,-32.3176,-31.9881,-31.6093,-31.1817,-30.706,-30.183,-29.6134,-28.9982,-28.3383,-27.6347,-26.8884,-26.1008,-25.2728,-24.4059,-23.5014,-22.5606,-21.585,-20.5762,-19.5356,-18.4649,-17.3657,-16.2398,-15.0888,-13.9146,-12.7188,-11.5035,-10.2705,-9.02158,-7.75878,-6.48401,-5.19925,-3.90647,-2.60766,-1.30484,-4.69367e-15,1.30484,2.60766,3.90647,5.19925,6.48401,7.75878,9.02158,10.2705,11.5035,12.7188,13.9146,15.0888,16.2398,17.3657,18.4649,19.5356,20.5762,21.585,22.5606,23.5014,24.4059,25.2728,26.1008,26.8884,27.6347,28.3383,28.9982,29.6134,30.183,30.706,31.1817,31.6093,31.9881,32.3176,32.5973,32.8268,33.0056,33.1335,33.2103,33.2359,33.2103,33.1335,33.0056,32.8268,32.5973,32.3176,31.9881,31.6093,31.1817,30.706,30.183,29.6134,28.9982,28.3383,27.6347,26.8884,26.1008,25.2728,24.4059,23.5014,22.5606,21.585,20.5762,19.5356,18.4649,17.3657,16.2398,15.0888,13.9146,12.7188,11.5035,10.2705,9.02158,7.75878,6.48401,5.19925,3.90647,2.60766,1.30484,0
0,-1.32505,-2.64806,-3.96698,-5.27979,-6.58446,-7.87897,-9.16133,-10.4296,-11.6817,-12.9159,-14.1301,-15.3225,-16.4914,-17.6347,-18.7509,-19.8382,-20.8949,-21.9194,-22.9101,-23.8654,-24.784,-25.6643,-26.5051,-27.305,-28.0628,-28.7773,-29.4474,-30.0722,-30.6506,-31.1817,-31.6647,-32.0989,-32.4836,-32.8183,-33.1023,-33.3353,-33.5169,-33.6468,-33.7248,-33.7508,-33.7248,-33.6468,-33.5169,-33.3353,-33.1023,-32.8183,-32.4836,-32.0989,-31.6647,-31.1817,-30.6506,-30.0722,-29.4474,-28.7773,-28.0628,-27.305,-26.5051,-25.6643,-24.784,-23.8654,-22.9101,-21.9194,-20.8949,-19.8382,-18.7509,-17.6347,-16.4914,-15.3225,-14.1301,-12.9159,-11.6817,-10.4296,-9.16133,-7.87897,-6.58446,-5.27979,-3.96698,-2.64806,-1.32505,-5.86751e-15,1.32505,2.64806,3.96698,5.27979,6.58446,7.87897,9.16133,10.4296,11.6817,12.9159,14.1301,15.3225,16.4914,17.6347,18.7509,19.8382,20.8949,21.9194,22.9101,23.8654,24.784,25.6643,26.5051,27.305,28.0628,28.7773,29.4474,30.0722,30.6506,31.1817,31.6647,32.0989,32.4836,32.8183,33.1023,33.3353,33.5169,33.6468,33.7248,33.7508,33.7248,33.6468,33.5169,33.3353,33.1023,32.8183,32.4836,32.0989,31.6647,31.1817,30.6506,30.0722,29.4474,28.7773,28.0628,27.305,26.5051,25.6643,24.784,23.8654,22.9101,21.9194,20.8949,19.8382,18.7509,17.6347,16.4914,15.3225,14.1301,12.9159,11.6817,10.4296,9.16133,7.87897,6.58446,5.27979,3.96698,2.64806,1.32505,0
0,-1.34322,-2.68437,-4.02138,-5.35219,-6.67475,-7.98701,-9.28696,-10.5726,-11.8419,-13.093,-14.3239,-15.5327,-16.7175,-17.8766,-19.0081,-20.1103,-21.1814,-22.22,-23.2242,-24.1927,-25.1238,-26.0162,-26.8685,-27.6794,-28.4476,-29.1719,-29.8512,-30.4846,-31.0709,-31.6093,-32.0989,-32.5391,-32.9291,-33.2683,-33.5562,-33.7924,-33.9765,-34.1082,-34.1872,-34.2136,-34.1872,-34.1082,-33.9765,-33.7924,-33.5562,-33.2683,-32.9291,-32.5391,-32.0989,-31.6093,-31.0709,-30.4846,-29.8512,-29.1719,-28.4476,-27.6794,-26.8685,-26.0162,-25.1238,-24.1927,-23.2242,-22.22,-21.1814,-20.1103,-19.0081,-17.8766,-16.7175,-15.5327,-14.3239,-13.093,-11.8419,-10.5726,-9.28696,-7.98701,-6.67475,-5.35219,-4.02138,-2.68437,-1.34322,-5.12001e-15,1.34322,2.68437,4.02138,5.35219,6.67475,7.98701,9.28696,10.5726,11.8419,13.093,14.3239,15.5327,16.7175,17.8766,19.0081,20.1103,21.1814,22.22,23.2242,24.1927,25.1238,26.0162,26.8685,27.6794,28.4476,29.1719,29.8512,30.4846,31.0709,31.6093,32.0989,32.5391,32.9291,33.2683,33.5562,33.7924,33.9765,34.1082,34.1872,34.2136,34.1872,34.1082,33.9765,33.7924,33.5562,33.2683,32.9291,32.5391,32.0989,31.6093,31.0709,30.4846,29.8512,29.1719,28.4476,27.6794,26.8685,26.0162,25.1238,24.1927,23.2242,22.22,21.1814,20.1103,19.0081,17.8766,16.7175,15.5327,14.3239,13.093,11.8419,10.5726,9.28696,7.98701,6.67475,5.35219,4.02138,2.68437,1.34322,0
0,-1.35932,-2.71654,-4.06958,-5.41634,-6.75475,-8.08274,-9.39827,-10.6993,-11.9838,-13.2499,-14.4955,-15.7188,-16.9179,-18.0908,-19.2359,-20.3513,-21.4353,-22.4863,-23.5026,-24.4826,-25.425,-26.3281,-27.1906,-28.0111,-28.7885,-29.5215,-30.209,-30.8499,-31.4433,-31.9881,-32.4836,-32.9291,-33.3237,-33.667,-33.9584,-34.1974,-34.3837,-34.517,-34.597,-34.6237,-34.597,-34.517,-34.3837,-34.1974,-33.9584,-33.667,-33.3237,-32.9291,-32.4836,-31.9881,-31.4433,-30.8499,-30.209,-29.5215,-28.7885,-28.0111,-27.1906,-26.3281,-25.425,-24.4826,-23.5026,-22.4863,-21.4353,-20.3513,-19.2359,-18.0908,-16.9179,-15.7188,-14.4955,-13.2499,-11.9838,-10.6993,-9.39827,-8.08274,-6.75475,-5.41634,-4.06958,-2.71654,-1.35932,-5.98032e-15,1.35932,2.71654,4.06958,5.41634,6.75475,8.08274,9.39827,10.6993,11.9838,13.2499,14.4955,15.7188,16.9179,18.0908,19.2359,20.3513,21.4353,22.4863,23.5026,24.4826,25.425,26.3281,27.1906,28.0111,28.7885,29.5215,30.209,30.8499,31.4433,31.9881,32.4836,32.9291,33.3237,33.667,33.9584,34.1974,34.3837,34.517,34.597,34.6237,34.597,34.517,34.3837,34.1974,33.9584,33.667,33.3237,32.9291,32.4836,31.9881,31.4433,30.8499,30.209,29.5215,28.7885,28.0111,27.1906,26.3281,25.425,24.4826,23.5026,22.4863,21.4353,20.3513,19.2359,18.0908,16.9179,15.7188,14.4955,13.2499,11.9838,10.6993,9.39827,8.08274,6.75475,5.41634,4.06958,2.71654,1.35932,0
0,-1.37332,-2.74453,-4.1115,-5.47213,-6.82433,-8.166,-9.49508,-10.8095,-12.1073,-13.3864,-14.6449,-15.8808,-17.0921,-18.2772,-19.434,-20.5609,-21.6561,-22.7179,-23.7447,-24.7348,-25.6869,-26.5993,-27.4707,-28.2997,-29.0851,-29.8257,-30.5202,-31.1677,-31.7672,-32.3176,-32.8183,-33.2683,-33.667,-34.0138,-34.3082,-34.5497,-34.7379,-34.8725,-34.9534,-34.9804,-34.9534,-34.8725,-34.7379,-34.5497,-34.3082,-34.0138,-33.667,-33.2683,-32.8183,-32.3176,-31.7672,-31.1677,-30.5202,-29.8257,-29.0851,-28.2997,-27.4707,-26.5993,-25.6869,-24.7348,-23.7447,-22.7179,-21.6561,-20.5609,-19.434,-18.2772,-17.0921,-15.8808,-14.6449,-13.3864,-12.1073,-10.8095,-9.49508,-8.166,-6.82433,-5.47213,-4.1115,-2.74453,-1.37332,-5.49653e-15,1.37332,2.74453,4.1115,5.47213,6.82433,8.166,9.49508,10.8095,12.1073,13.3864,14.6449,15.8808,17.0921,18.2772,19.434,20.5609,21.6561,22.7179,23.7447,24.7348,25.6869,26.5993,27.4707,28.2997,29.0851,29.8257,30.5202,31.1677,31.7672,32.3176,32.8183,33.2683,33.667,34.0138,34.3082,34.5497,34.7379,34.8725,34.9534,34.9804,34.9534,34.8725,34.7379,34.5497,34.3082,34.0138,33.667,33.2683,32.8183,32.3176,31.7672,31.1677,30.5202,29.8257,29.0851,28.2997,27.4707,26.5993,25.6869,24.7348,23.7447,22.7179,21.6561,20.5609,19.434,18.2772,17.0921,15.8808,14.6449,13.3864,12.1073,10.8095,9.49508,8.166,6.82433,5.47213,4.1115,2.74453,1.37332,0
0,-1.38521,-2.76828,-4.14708,-5.51949,-6.88339,-8.23668,-9.57726,-10.9031,-12.2121,-13.5023,-14.7716,-16.0182,-17.2401,-18.4354,-19.6022,-20.7389,-21.8436,-22.9145,-23.9502,-24.9489,-25.9092,-26.8295,-27.7084,-28.5446,-29.3368,-30.0838,-30.7844,-31.4375,-32.0421,-32.5973,-33.1023,-33.5562,-33.9584,-34.3082,-34.6051,-34.8487,-35.0385,-35.1743,-35.2559,-35.2831,-35.2559,-35.1743,-35.0385,-34.8487,-34.6051,-34.3082,-33.9584,-33.5562,-33.1023,-32.5973,-32.0421,-31.4375,-30.7844,-30.0838,-29.3368,-28.5446,-27.7084,-26.8295,-25.9092,-24.9489,-23.9502,-22.9145,-21.8436,-20.7389,-19.6022,-18.4354,-17.2401,-16.0182,-14.7716,-13.5023,-12.2121,-10.9031,-9.57726,-8.23668,-6.88339,-5.51949,-4.14708,-2.76828,-1.38521,-6.02649e-15,1.38521,2.76828,4.14708,5.51949,6.88339,8.23668,9.57726,10.9031,12.2121,13.5023,14.7716,16.0182,17.2401,18.4354,19.6022,20.7389,21.8436,22.9145,23.9502,24.9489,25.9092,26.8295,27.7084,28.5446,29.3368,30.0838,30.7844,31.4375,32.0421,32.5973,33.1023,33.5562,33.9584,34.3082,34.6051,34.8487,35.0385,35.1743,35.2559,35.2831,35.2559,35.1743,35.0385,34.8487,34.6051,34.3082,33.9584,33.5562,33.1023,32.5973,32.0421,31.4375,30.7844,30.0838,29.3368,28.5446,27.7084,26.8295,25.9092,24.9489,23.9502,22.9145,21.8436,20.7389,19.6022,18.4354,17.2401,16.0182,14.7716,13.5023,12.2121,10.9031,9.57726,8.23668,6.88339,5.51949,4.14708,2.76828,1.38521,0
0,-1.39496,-2.78776,-4.17627,-5.55834,-6.93184,-8.29465,-9.64467,-10.9798,-12.298,-13.5973,-14.8756,-16.1309,-17.3614,-18.5651,-19.7402,-20.8848,-21.9973,-23.0758,-24.1188,-25.1245,-26.0915,-27.0183,-27.9034,-28.7455,-29.5433,-30.2955,-31.001,-31.6587,-32.2676,-32.8268,-33.3353,-33.7924,-34.1974,-34.5497,-34.8487,-35.094,-35.2851,-35.4219,-35.504,-35.5314,-35.504,-35.4219,-35.2851,-35.094,-34.8487,-34.5497,-34.1974,-33.7924,-33.3353,-32.8268,-32.2676,-31.6587,-31.001,-30.2955,-29.5433,-28.7455,-27.9034,-27.0183,-26.0915,-25.1245,-24.1188,-23.0758,-21.9973,-20.8848,-19.7402,-18.5651,-17.3614,-16.1309,-14.8756,-13.5973,-12.298,-10.9798,-9.64467,-8.29465,-6.93184,-5.55834,-4.17627,-2.78776,-1.39496,-5.71792e-15,1.39496,2.78776,4.17627,5.55834,6.93184,8.29465,9.64467,10.9798,12.298,13.5973,14.8756,16.1309,17.3614,18.5651,19.7402,20.8848,21.9973,23.0758,24.1188,25.1245,26.0915,27.0183,27.9034,28.7455,29.5433,30.2955,31.001,31.6587,32.2676,32.8268,33.3353,33.7924,34.1974,34.5497,34.8487,35.094,35.2851,35.4219,35.504,35.5314,35.504,35.4219,35.2851,35.094,34.8487,34.5497,34.1974,33.7924,33.3353,32.8268,32.2676,31.6587,31.001,30.2955,29.5433,28.7455,27.9034,27.0183,26.0915,25.1245,24.1188,23.0758,21.9973,20.8848,19.7402,18.5651,17.3614,16.1309,14.8756,13.5973,12.298,10.9798,9.64467,8.29465,6.93184,5.55834,4.17627,2.78776,1.39496,0
0,-1.40256,-2.80295,-4.19902,-5.58862,-6.9696,-8.33983,-9.6972,-11.0396,-12.365,-13.6714,-14.9566,-16.2188,-17.456,-18.6662,-19.8477,-20.9986,-22.1171,-23.2015,-24.2501,-25.2614,-26.2337,-27.1655,-28.0554,-28.9021,-29.7042,-30.4605,-31.1699,-31.8312,-32.4434,-33.0056,-33.5169,-33.9765,-34.3837,-34.7379,-35.0385,-35.2851,-35.4773,-35.6148,-35.6974,-35.725,-35.6974,-35.6148,-35.4773,-35.2851,-35.0385,-34.7379,-34.3837,-33.9765,-33.5169,-33.0056,-32.4434,-31.8312,-31.1699,-30.4605,-29.7042,-28.9021,-28.0554,-27.1655,-26.2337,-25.2614,-24.2501,-23.2015,-22.1171,-20.9986,-19.8477,-18.6662,-17.456,-16.2188,-14.9566,-13.6714,-12.365,-11.0396,-9.6972,-8.33983,-6.9696,-5.58862,-4.19902,-2.80295,-1.40256,-6.24734e-15,1.40256,2.80295,4.19902,5.58862,6.9696,8.33983,9.6972,11.0396,12.365,13.6714,14.9566,16.2188,17.456,18.6662,19.8477,20.9986,22.1171,23.2015,24.2501,25.2614,26.2337,27.1655,28.0554,28.9021,29.7042,30.4605,31.1699,31.8312,32.4434,33.0056,33.5169,33.9765,34.3837,34.7379,35.0385,35.2851,35.4773,35.6148,35.6974,35.725,35.6974,35.6148,35.4773,35.2851,35.0385,34.7379,34.3837,33.9765,33.5169,33.0056,32.4434,31.8312,31.1699,30.4605,29.7042,28.9021,28.0554,27.1655,26.2337,25.2614,24.2501,23.2015,22.1171,20.9986,19.8477,18.6662,17.456,16.2188,14.9566,13.6714,12.365,11.0396,9.6972,8.33983,6.9696,5.58862,4.19902,2.80295,1.40256,0
0,-1.40799,-2.81381,-4.21529,-5.61028,-6.99661,-8.37215,-9.73479,-11.0824,-12.4129,-13.7243,-15.0146,-16.2817,-17.5236,-18.7386,-19.9247,-21.08,-22.2028,-23.2914,-24.3441,-25.3593,-26.3353,-27.2708,-28.1642,-29.0141,-29.8194,-30.5786,-31.2907,-31.9546,-32.5691,-33.1335,-33.6468,-34.1082,-34.517,-34.8725,-35.1743,-35.4219,-35.6148,-35.7529,-35.8358,-35.8634,-35.8358,-35.7529,-35.6148,-35.4219,-35.1743,-34.8725,-34.517,-34.1082,-33.6468,-33.1335,-32.5691,-31.9546,-31.2907,-30.5786,-29.8194,-29.0141,-28.1642,-27.2708,-26.3353,-25.3593,-24.3441,-23.2914,-22.2028,-21.08,-19.9247,-18.7386,-17.5236,-16.2817,-15.0146,-13.7243,-12.4129,-11.0824,-9.73479,-8.37215,-6.99661,-5.61028,-4.21529,-2.81381,-1.40799,-5.75193e-15,1.40799,2.81381,4.21529,5.61028,6.99661,8.37215,9.73479,11.0824,12.4129,13.7243,15.0146,16.2817,17.5236,18.7386,19.9247,21.08,22.2028,23.2914,24.3441,25.3593,26.3353,27.2708,28.1642,29.0141,29.8194,30.5786,31.2907,31.9546,32.5691,33.1335,33.6468,34.1082,34.517,34.8725,35.1743,35.4219,35.6148,35.7529,35.8358,35.8634,35.8358,35.7529,35.6148,35.4219,35.1743,34.8725,34.517,34.1082,33.6468,33.1335,32.5691,31.9546,31.2907,30.5786,29.8194,29.0141,28.1642,27.2708,26.3353,25.3593,24.3441,23.2914,22.2028,21.08,19.9247,18.7386,17.5236,16.2817,15.0146,13.7243,12.4129,11.0824,9.73479,8.37215,6.99661,5.61028,4.21529,2.81381,1.40799,0
0,-1.41126,-2.82034,-4.22507,-5.62329,-7.01283,-8.39157,-9.75736,-11.1081,-12.4417,-13.7562,-15.0494,-16.3194,-17.5643,-18.782,-19.9709,-21.1289,-22.2543,-23.3454,-24.4006,-25.4181,-26.3964,-27.334,-28.2295,-29.0814,-29.8885,-30.6495,-31.3633,-32.0287,-32.6447,-33.2103,-33.7248,-34.1872,-34.597,-34.9534,-35.2559,-35.504,-35.6974,-35.8358,-35.9189,-35.9466,-35.9189,-35.8358,-35.6974,-35.504,-35.2559,-34.9534,-34.597,-34.1872,-33.7248,-33.2103,-32.6447,-32.0287,-31.3633,-30.6495,-29.8885,-29.0814,-28.2295,-27.334,-26.3964,-25.4181,-24.4006,-23.3454,-22.2543,-21.1289,-19.9709,-18.782,-17.5643,-16.3194,-15.0494,-13.7562,-12.4417,-11.1081,-9.75736,-8.39157,-7.01283,-5.62329,-4.22507,-2.82034,-1.41126,-6.20765e-15,1.41126,2.82034,4.22507,5.62329,7.01283,8.39157,9.75736,11.1081,12.4417,13.7562,15.0494,16.3194,17.5643,18.782,19.9709,21.1289,22.2543,23.3454,24.4006,25.4181,26.3964,27.334,28.2295,29.0814,29.8885,30.6495,31.3633,32.0287,32.6447,33.2103,33.7248,34.1872,34.597,34.9534,35.2559,35.504,35.6974,35.8358,35.9189,35.9466,35.9189,35.8358,35.6974,35.504,35.2559,34.9534,34.597,34.1872,33.7248,33.2103,32.6447,32.0287,31.3633,30.6495,29.8885,29.0814,28.2295,27.334,26.3964,25.4181,24.4006,23.3454,22.2543,21.1289,19.9709,18.782,17.5643,16.3194,15.0494,13.7562,12.4417,11.1081,9.75736,8.39157,7.01283,5.62329,4.22507,2.82034,1.41126,0
